1250
2500
3750
4999
6249
7499
8749
9999
11249
12499
13749
14998
16248
17498
18748
19998
21248
22498
23747
24997
26247
27497
28747
29997
31247
32496
33746
34996
36246
37496
38746
39996
41246
42495
43745
44995
46245
47495
48745
49995
51244
52494
53744
54994
56244
57494
58744
59994
61243
62493
63743
64993
66243
67493
68743
69992
71242
72492
73742
74992
76242
77492
78741
79991
81241
82491
83741
84991
86241
87490
88740
89990
91240
92490
93740
94990
96240
97489
98739
99989
101239
102489
103739
104989
106238
107488
108738
109988
111238
112488
113738
114987
116237
117487
118737
119987
121237
122487
123736
124986
126236
127486
128736
129986
131236
132486
133735
134985
136235
137485
138735
139985
141235
142484
143734
144984
146234
147484
148734
149984
